{"autoClear":true,"clearColor":[0,0,0],"ambientColor":[0,0,0],"gravity":[0,-9.81,0],
"materials":[{"name":"taylor.Material.001","id":"taylor.Material.001","ambient":[0.0208,0.0305,0.9258],"diffuse":[0.0166,0.0244,0.7407],"specular":[0.5,0.5,0.5],"emissive":[0,0,0],"specularPower":50,"alpha":1,"backFaceCulling":true},{"name":"taylor.Material.008","id":"taylor.Material.008","ambient":[0.8852,0.8,0.0004],"diffuse":[0.7082,0.64,0.0003],"specular":[0.5,0.5,0.5],"emissive":[0,0,0],"specularPower":50,"alpha":1,"backFaceCulling":true},{"name":"taylor.Material.021","id":"taylor.Material.021","ambient":[0.9258,0.9258,0.9258],"diffuse":[0.7407,0.7407,0.7407],"specular":[0.5,0.5,0.5],"emissive":[0,0,0],"specularPower":50,"alpha":1,"backFaceCulling":true},{"name":"taylor.Material.025","id":"taylor.Material.025","ambient":[0.0031,0.0031,0.0031],"diffuse":[0.0025,0.0025,0.0025],"specular":[0.5,0.5,0.5],"emissive":[0,0,0],"specularPower":50,"alpha":1,"backFaceCulling":true}],
"multiMaterials":[{"name":"taylor.Multimaterial#0","id":"taylor.Multimaterial#0","materials":["taylor.Material.025","taylor.Material.001","taylor.Material.008","taylor.Material.021"]}],
"skeletons":[{"name":"Armature.001","id":0,"bones":[
{"name":"Bone","index":0,"matrix":[1,0.0028,0.0004,0,-0.0027,0.9958,-0.0918,0,0.0006,-0.0918,-0.9958,0,0.0842,0.0823,0.0943,1],"parentBoneIndex":-1,"animation":{"dataType":3,"framePerSecond":24,"keys":[{"frame":1,"values":[1,0.0027,0.0006,0,-0.0027,1,-0.0082,0,0.0006,-0.0082,-1,0,0.0842,0.0823,0.0943,1]},{"frame":2,"values":[1,0.0027,0.0006,0,-0.0027,0.9995,-0.0312,0,0.0006,-0.0312,-0.9995,0,0.0842,0.0823,0.0943,1]},{"frame":3,"values":[1,0.0027,0.0005,0,-0.0027,0.9982,-0.0607,0,0.0006,-0.0607,-0.9982,0,0.0842,0.0823,0.0943,1]},{"frame":4,"values":[1,0.0028,0.0004,0,-0.0027,0.9965,-0.0837,0,0.0006,-0.0837,-0.9965,0,0.0842,0.0823,0.0943,1]},{"frame":5,"values":[1,0.0028,0.0004,0,-0.0027,0.9958,-0.0918,0,0.0006,-0.0918,-0.9958,0,0.0842,0.0823,0.0943,1]},{"frame":14,"values":[1,0.0028,0.0004,0,-0.0027,0.9959,-0.0906,0,0.0006,-0.0906,-0.9959,0,0.0842,0.0823,0.0943,1]},{"frame":15,"values":[1,0.0028,0.0004,0,-0.0027,0.9961,-0.0884,0,0.0006,-0.0884,-0.9961,0,0.0842,0.0823,0.0943,1]},{"frame":16,"values":[1,0.0028,0.0004,0,-0.0027,0.9963,-0.0857,0,0.0006,-0.0857,-0.9963,0,0.0842,0.0823,0.0943,1]},{"frame":17,"values":[1,0.0028,0.0004,0,-0.0027,0.9966,-0.0827,0,0.0006,-0.0827,-0.9966,0,0.0842,0.0823,0.0943,1]},{"frame":18,"values":[1,0.0028,0.0004,0,-0.0027,0.9968,-0.0795,0,0.0006,-0.0795,-0.9968,0,0.0842,0.0823,0.0943,1]},{"frame":19,"values":[1,0.0028,0.0004,0,-0.0027,0.9971,-0.0761,0,0.0006,-0.0761,-0.9971,0,0.0842,0.0823,0.0943,1]},{"frame":20,"values":[1,0.0028,0.0005,0,-0.0027,0.9974,-0.0727,0,0.0006,-0.0727,-0.9974,0,0.0842,0.0823,0.0943,1]},{"frame":21,"values":[1,0.0028,0.0005,0,-0.0027,0.9976,-0.0691,0,0.0006,-0.0691,-0.9976,0,0.0842,0.0823,0.0943,1]},{"frame":22,"values":[1,0.0027,0.0005,0,-0.0027,0.9978,-0.0655,0,0.0006,-0.0655,-0.9979,0,0.0842,0.0823,0.0943,1]},{"frame":23,"values":[1,0.0027,0.0005,0,-0.0027,0.9981,-0.0619,0,0.0006,-0.0619,-0.9981,0,0.0842,0.0823,0.0943,1]},{"frame":24,"values":[1,0.0027,0.0005,0,-0.0027,0.9983,-0.0582,0,0.0006,-0.0582,-0.9983,0,0.0842,0.0823,0.0943,1]},{"frame":25,"values":[1,0.0027,0.0005,0,-0.0027,0.9985,-0.0544,0,0.0006,-0.0544,-0.9985,0,0.0842,0.0823,0.0943,1]},{"frame":26,"values":[1,0.0027,0.0005,0,-0.0027,0.9987,-0.0506,0,0.0006,-0.0506,-0.9987,0,0.0842,0.0823,0.0943,1]},{"frame":27,"values":[1,0.0027,0.0005,0,-0.0027,0.9989,-0.0468,0,0.0006,-0.0468,-0.9989,0,0.0842,0.0823,0.0943,1]},{"frame":28,"values":[1,0.0027,0.0005,0,-0.0027,0.9991,-0.043,0,0.0006,-0.043,-0.9991,0,0.0842,0.0823,0.0943,1]},{"frame":29,"values":[1,0.0027,0.0005,0,-0.0027,0.9992,-0.0392,0,0.0006,-0.0392,-0.9992,0,0.0842,0.0823,0.0943,1]},{"frame":30,"values":[1,0.0027,0.0006,0,-0.0027,0.9994,-0.0353,0,0.0006,-0.0353,-0.9994,0,0.0842,0.0823,0.0943,1]},{"frame":31,"values":[1,0.0027,0.0006,0,-0.0027,0.9995,-0.0315,0,0.0006,-0.0315,-0.9995,0,0.0842,0.0823,0.0943,1]},{"frame":32,"values":[1,0.0027,0.0006,0,-0.0027,0.9996,-0.0277,0,0.0006,-0.0277,-0.9996,0,0.0842,0.0823,0.0943,1]},{"frame":33,"values":[1,0.0027,0.0006,0,-0.0027,0.9997,-0.0238,0,0.0006,-0.0238,-0.9997,0,0.0842,0.0823,0.0943,1]},{"frame":34,"values":[1,0.0027,0.0006,0,-0.0027,0.9998,-0.02,0,0.0006,-0.02,-0.9998,0,0.0842,0.0823,0.0943,1]},{"frame":35,"values":[1,0.0027,0.0006,0,-0.0027,0.9999,-0.0163,0,0.0006,-0.0163,-0.9999,0,0.0842,0.0823,0.0943,1]},{"frame":36,"values":[1,0.0027,0.0006,0,-0.0027,0.9999,-0.0125,0,0.0006,-0.0125,-0.9999,0,0.0842,0.0823,0.0943,1]},{"frame":37,"values":[1,0.0027,0.0006,0,-0.0027,1,-0.0089,0,0.0006,-0.0089,-1,0,0.0842,0.0823,0.0943,1]},{"frame":38,"values":[1,0.0027,0.0006,0,-0.0027,1,-0.0054,0,0.0006,-0.0054,-1,0,0.0842,0.0823,0.0943,1]},{"frame":39,"values":[1,0.0027,0.0006,0,-0.0027,1,-0.0022,0,0.0006,-0.0022,-1,0,0.0842,0.0823,0.0943,1]},{"frame":40,"values":[1,0.0027,0.0006,0,-0.0027,1,0,0,0.0006,0,-1,0,0.0842,0.0823,0.0943,1]},{"frame":111,"values":[1,0.0027,0.0006,0,-0.0027,0.9999,-0.0124,0,0.0006,-0.0124,-0.9999,0,0.0842,0.0823,0.0943,1]},{"frame":112,"values":[1,0.0027,0.0005,0,-0.0027,0.9989,-0.0472,0,0.0006,-0.0472,-0.9989,0,0.0842,0.0823,0.0943,1]},{"frame":113,"values":[1,0.0028,0.0004,0,-0.0027,0.9958,-0.0919,0,0.0006,-0.0919,-0.9958,0,0.0842,0.0823,0.0943,1]},{"frame":114,"values":[1,0.0028,0.0003,0,-0.0027,0.9919,-0.1266,0,0.0006,-0.1266,-0.992,0,0.0842,0.0823,0.0943,1]},{"frame":115,"values":[1,0.0028,0.0003,0,-0.0027,0.9903,-0.1389,0,0.0006,-0.1389,-0.9903,0,0.0842,0.0823,0.0943,1]},{"frame":116,"values":[1,0.0028,0.0003,0,-0.0027,0.9919,-0.1266,0,0.0006,-0.1266,-0.992,0,0.0842,0.0823,0.0943,1]},{"frame":117,"values":[1,0.0028,0.0004,0,-0.0027,0.9958,-0.0919,0,0.0006,-0.0919,-0.9958,0,0.0842,0.0823,0.0943,1]},{"frame":118,"values":[1,0.0027,0.0005,0,-0.0027,0.9989,-0.0472,0,0.0006,-0.0472,-0.9989,0,0.0842,0.0823,0.0943,1]},{"frame":119,"values":[1,0.0027,0.0006,0,-0.0027,0.9999,-0.0124,0,0.0006,-0.0124,-0.9999,0,0.0842,0.0823,0.0943,1]},{"frame":120,"values":[1,0.0027,0.0006,0,-0.0027,1,0,0,0.0006,0,-1,0,0.0842,0.0823,0.0943,1]}],"loopBehavior":1,"name":"anim","property":"_matrix"}},
{"name":"Bone.001","index":1,"matrix":[0.0001,0.0301,-0.999,0,-0.019,-0.9994,-0.0301,0,-0.9998,0.019,0.0005,0,-0.2386,0.1527,0,1],"parentBoneIndex":0,"animation":{"dataType":3,"framePerSecond":24,"keys":[{"frame":1,"values":[0.0001,0.0301,-0.999,0,-0.019,-0.9994,-0.0301,0,-0.9998,0.019,0.0005,0,-0.2386,0.1527,0,1]},{"frame":2,"values":[0.0004,0.1451,-0.9889,0,-0.0189,-0.9892,-0.145,0,-0.9998,0.0188,0.0023,0,-0.2386,0.1527,0,1]},{"frame":3,"values":[0.0008,0.2902,-0.9565,0,-0.0187,-0.9568,-0.29,0,-0.9998,0.0181,0.0047,0,-0.2386,0.1527,0,1]},{"frame":4,"values":[0.0011,0.3985,-0.9167,0,-0.0185,-0.917,-0.3983,0,-0.9998,0.0174,0.0064,0,-0.2386,0.1527,0,1]},{"frame":5,"values":[0.0011,0.4355,-0.8997,0,-0.0185,-0.9,-0.4352,0,-0.9998,0.0171,0.007,0,-0.2386,0.1527,0,1]},{"frame":6,"values":[0.001,0.3552,-0.9343,0,-0.0186,-0.9346,-0.355,0,-0.9998,0.0177,0.0057,0,-0.2386,0.1527,0,1]},{"frame":7,"values":[0.0005,0.1825,-0.9827,0,-0.0189,-0.983,-0.1824,0,-0.9998,0.0186,0.0029,0,-0.2386,0.1527,0,1]},{"frame":8,"values":[0,-0.0255,-0.9992,0,-0.019,-0.9995,0.0255,0,-0.9998,0.019,-0.0004,0,-0.2386,0.1527,0,1]},{"frame":9,"values":[-0.0007,-0.2513,-0.9674,0,-0.0191,-0.9677,0.2512,0,-0.9998,0.0187,-0.0041,0,-0.2386,0.1527,0,1]},{"frame":10,"values":[-0.0009,-0.3345,-0.9419,0,-0.0191,-0.9422,0.3343,0,-0.9998,0.0183,-0.0055,0,-0.2386,0.1527,0,1]},{"frame":11,"values":[-0.0004,-0.1512,-0.988,0,-0.0191,-0.9883,0.1511,0,-0.9998,0.0189,-0.0025,0,-0.2386,0.1527,0,1]},{"frame":12,"values":[0.0006,0.2223,-0.9745,0,-0.0188,-0.9748,-0.2222,0,-0.9998,0.0185,0.0036,0,-0.2386,0.1527,0,1]},{"frame":13,"values":[0.0011,0.4355,-0.8997,0,-0.0185,-0.9,-0.4352,0,-0.9998,0.0171,0.007,0,-0.2386,0.1527,0,1]},{"frame":14,"values":[0.0011,0.4303,-0.9022,0,-0.0185,-0.9025,-0.43,0,-0.9998,0.0172,0.0069,0,-0.2386,0.1527,0,1]},{"frame":15,"values":[0.0011,0.4201,-0.907,0,-0.0185,-0.9073,-0.4198,0,-0.9998,0.0173,0.0068,0,-0.2386,0.1527,0,1]},{"frame":16,"values":[0.0011,0.4077,-0.9127,0,-0.0185,-0.913,-0.4074,0,-0.9998,0.0174,0.0066,0,-0.2386,0.1527,0,1]},{"frame":17,"values":[0.001,0.3939,-0.9187,0,-0.0185,-0.919,-0.3936,0,-0.9998,0.0175,0.0063,0,-0.2386,0.1527,0,1]},{"frame":18,"values":[0.001,0.3791,-0.9249,0,-0.0186,-0.9252,-0.3788,0,-0.9998,0.0176,0.0061,0,-0.2386,0.1527,0,1]},{"frame":19,"values":[0.001,0.3635,-0.9311,0,-0.0186,-0.9314,-0.3632,0,-0.9998,0.0177,0.0059,0,-0.2386,0.1527,0,1]},{"frame":20,"values":[0.0009,0.3473,-0.9373,0,-0.0186,-0.9376,-0.347,0,-0.9998,0.0178,0.0056,0,-0.2386,0.1527,0,1]},{"frame":21,"values":[0.0009,0.3305,-0.9433,0,-0.0187,-0.9436,-0.3303,0,-0.9998,0.0179,0.0053,0,-0.2386,0.1527,0,1]},{"frame":22,"values":[0.0008,0.3133,-0.9492,0,-0.0187,-0.9495,-0.3131,0,-0.9998,0.018,0.005,0,-0.2386,0.1527,0,1]},{"frame":23,"values":[0.0008,0.2958,-0.9548,0,-0.0187,-0.9551,-0.2956,0,-0.9998,0.0181,0.0048,0,-0.2386,0.1527,0,1]},{"frame":24,"values":[0.0008,0.2779,-0.9601,0,-0.0187,-0.9604,-0.2777,0,-0.9998,0.0182,0.0045,0,-0.2386,0.1527,0,1]},{"frame":25,"values":[0.0007,0.2597,-0.9652,0,-0.0188,-0.9655,-0.2595,0,-0.9998,0.0183,0.0042,0,-0.2386,0.1527,0,1]},{"frame":26,"values":[0.0007,0.2412,-0.97,0,-0.0188,-0.9703,-0.2411,0,-0.9998,0.0184,0.0039,0,-0.2386,0.1527,0,1]},{"frame":27,"values":[0.0006,0.2226,-0.9744,0,-0.0188,-0.9747,-0.2224,0,-0.9998,0.0185,0.0036,0,-0.2386,0.1527,0,1]},{"frame":28,"values":[0.0006,0.2038,-0.9785,0,-0.0188,-0.9788,-0.2036,0,-0.9998,0.0186,0.0033,0,-0.2386,0.1527,0,1]},{"frame":29,"values":[0.0005,0.1848,-0.9823,0,-0.0189,-0.9826,-0.1847,0,-0.9998,0.0186,0.003,0,-0.2386,0.1527,0,1]},{"frame":30,"values":[0.0005,0.1657,-0.9857,0,-0.0189,-0.986,-0.1656,0,-0.9998,0.0187,0.0027,0,-0.2386,0.1527,0,1]},{"frame":31,"values":[0.0004,0.1466,-0.9887,0,-0.0189,-0.989,-0.1465,0,-0.9998,0.0188,0.0024,0,-0.2386,0.1527,0,1]},{"frame":32,"values":[0.0004,0.1275,-0.9913,0,-0.0189,-0.9917,-0.1274,0,-0.9998,0.0188,0.002,0,-0.2386,0.1527,0,1]},{"frame":33,"values":[0.0003,0.1084,-0.9936,0,-0.0189,-0.9939,-0.1083,0,-0.9998,0.0189,0.0017,0,-0.2386,0.1527,0,1]},{"frame":34,"values":[0.0003,0.0894,-0.9955,0,-0.019,-0.9958,-0.0893,0,-0.9998,0.0189,0.0014,0,-0.2386,0.1527,0,1]},{"frame":35,"values":[0.0002,0.0705,-0.997,0,-0.019,-0.9973,-0.0704,0,-0.9998,0.0189,0.0011,0,-0.2386,0.1527,0,1]},{"frame":36,"values":[0.0002,0.0519,-0.9981,0,-0.019,-0.9985,-0.0519,0,-0.9998,0.019,0.0008,0,-0.2386,0.1527,0,1]},{"frame":37,"values":[0.0001,0.0338,-0.9989,0,-0.019,-0.9992,-0.0337,0,-0.9998,0.019,0.0005,0,-0.2386,0.1527,0,1]},{"frame":38,"values":[0.0001,0.0163,-0.9994,0,-0.019,-0.9997,-0.0163,0,-0.9998,0.019,0.0002,0,-0.2386,0.1527,0,1]},{"frame":39,"values":[0,0.0003,-0.9995,0,-0.019,-0.9998,-0.0003,0,-0.9998,0.019,0,0,-0.2386,0.1527,0,1]},{"frame":40,"values":[0,-0.0106,-0.9994,0,-0.019,-0.9998,0.0106,0,-0.9998,0.019,-0.0002,0,-0.2386,0.1527,0,1]},{"frame":41,"values":[0.0003,0.103,-0.9942,0,-0.0189,-0.9945,-0.1029,0,-0.9998,0.0189,0.0016,0,-0.2386,0.1527,0,1]},{"frame":42,"values":[0.0001,0.0185,-0.9993,0,-0.019,-0.9996,-0.0185,0,-0.9998,0.019,0.0003,0,-0.2386,0.1527,0,1]},{"frame":43,"values":[-0.0002,-0.0659,-0.9973,0,-0.0191,-0.9976,0.0659,0,-0.9998,0.019,-0.0011,0,-0.2386,0.1527,0,1]},{"frame":44,"values":[-0.0001,-0.0655,-0.9973,0,-0.0191,-0.9977,0.0655,0,-0.9998,0.019,-0.0011,0,-0.2386,0.1527,0,1]},{"frame":45,"values":[-0.0001,-0.0648,-0.9974,0,-0.0191,-0.9977,0.0648,0,-0.9998,0.019,-0.0011,0,-0.2386,0.1527,0,1]},{"frame":46,"values":[-0.0001,-0.064,-0.9974,0,-0.0191,-0.9978,0.064,0,-0.9998,0.019,-0.0011,0,-0.2386,0.1527,0,1]},{"frame":47,"values":[-0.0001,-0.0632,-0.9975,0,-0.0191,-0.9978,0.0632,0,-0.9998,0.019,-0.0011,0,-0.2386,0.1527,0,1]},{"frame":48,"values":[-0.0001,-0.0624,-0.9975,0,-0.0191,-0.9979,0.0624,0,-0.9998,0.019,-0.001,0,-0.2386,0.1527,0,1]},{"frame":49,"values":[-0.0001,-0.0615,-0.9976,0,-0.0191,-0.9979,0.0615,0,-0.9998,0.019,-0.001,0,-0.2386,0.1527,0,1]},{"frame":50,"values":[-0.0001,-0.0606,-0.9976,0,-0.0191,-0.998,0.0606,0,-0.9998,0.019,-0.001,0,-0.2386,0.1527,0,1]},{"frame":51,"values":[-0.0001,-0.0598,-0.9977,0,-0.0191,-0.998,0.0597,0,-0.9998,0.019,-0.001,0,-0.2386,0.1527,0,1]},{"frame":52,"values":[-0.0001,-0.0589,-0.9978,0,-0.0191,-0.9981,0.0588,0,-0.9998,0.019,-0.001,0,-0.2386,0.1527,0,1]},{"frame":53,"values":[-0.0001,-0.058,-0.9978,0,-0.0191,-0.9981,0.0579,0,-0.9998,0.019,-0.001,0,-0.2386,0.1527,0,1]},{"frame":54,"values":[-0.0001,-0.0571,-0.9979,0,-0.0191,-0.9982,0.057,0,-0.9998,0.019,-0.001,0,-0.2386,0.1527,0,1]},{"frame":55,"values":[-0.0001,-0.0561,-0.9979,0,-0.0191,-0.9982,0.0561,0,-0.9998,0.019,-0.0009,0,-0.2386,0.1527,0,1]},{"frame":56,"values":[-0.0001,-0.0552,-0.998,0,-0.0191,-0.9983,0.0552,0,-0.9998,0.019,-0.0009,0,-0.2386,0.1527,0,1]},{"frame":57,"values":[-0.0001,-0.0543,-0.998,0,-0.0191,-0.9983,0.0543,0,-0.9998,0.019,-0.0009,0,-0.2386,0.1527,0,1]},{"frame":58,"values":[-0.0001,-0.0534,-0.9981,0,-0.0191,-0.9984,0.0534,0,-0.9998,0.019,-0.0009,0,-0.2386,0.1527,0,1]},{"frame":59,"values":[-0.0001,-0.0525,-0.9981,0,-0.0191,-0.9984,0.0524,0,-0.9998,0.019,-0.0009,0,-0.2386,0.1527,0,1]},{"frame":60,"values":[-0.0001,-0.0515,-0.9982,0,-0.0191,-0.9985,0.0515,0,-0.9998,0.019,-0.0009,0,-0.2386,0.1527,0,1]},{"frame":61,"values":[-0.0001,-0.0506,-0.9982,0,-0.0191,-0.9985,0.0506,0,-0.9998,0.019,-0.0009,0,-0.2386,0.1527,0,1]},{"frame":62,"values":[-0.0001,-0.0497,-0.9983,0,-0.0191,-0.9986,0.0497,0,-0.9998,0.019,-0.0008,0,-0.2386,0.1527,0,1]},{"frame":63,"values":[-0.0001,-0.0488,-0.9983,0,-0.0191,-0.9986,0.0487,0,-0.9998,0.019,-0.0008,0,-0.2386,0.1527,0,1]},{"frame":64,"values":[-0.0001,-0.0478,-0.9983,0,-0.0191,-0.9987,0.0478,0,-0.9998,0.019,-0.0008,0,-0.2386,0.1527,0,1]},{"frame":65,"values":[-0.0001,-0.0469,-0.9984,0,-0.0191,-0.9987,0.0469,0,-0.9998,0.019,-0.0008,0,-0.2386,0.1527,0,1]},{"frame":66,"values":[-0.0001,-0.046,-0.9984,0,-0.0191,-0.9988,0.0459,0,-0.9998,0.019,-0.0008,0,-0.2386,0.1527,0,1]},{"frame":67,"values":[-0.0001,-0.045,-0.9985,0,-0.0191,-0.9988,0.045,0,-0.9998,0.019,-0.0008,0,-0.2386,0.1527,0,1]},{"frame":68,"values":[-0.0001,-0.0441,-0.9985,0,-0.0191,-0.9988,0.0441,0,-0.9998,0.019,-0.0007,0,-0.2386,0.1527,0,1]},{"frame":69,"values":[-0.0001,-0.0432,-0.9986,0,-0.019,-0.9989,0.0432,0,-0.9998,0.019,-0.0007,0,-0.2386,0.1527,0,1]},{"frame":70,"values":[-0.0001,-0.0423,-0.9986,0,-0.019,-0.9989,0.0422,0,-0.9998,0.019,-0.0007,0,-0.2386,0.1527,0,1]},{"frame":71,"values":[-0.0001,-0.0413,-0.9986,0,-0.019,-0.999,0.0413,0,-0.9998,0.019,-0.0007,0,-0.2386,0.1527,0,1]},{"frame":72,"values":[-0.0001,-0.0404,-0.9987,0,-0.019,-0.999,0.0404,0,-0.9998,0.019,-0.0007,0,-0.2386,0.1527,0,1]},{"frame":73,"values":[-0.0001,-0.0395,-0.9987,0,-0.019,-0.999,0.0395,0,-0.9998,0.019,-0.0007,0,-0.2386,0.1527,0,1]},{"frame":74,"values":[-0.0001,-0.0386,-0.9987,0,-0.019,-0.9991,0.0385,0,-0.9998,0.019,-0.0007,0,-0.2386,0.1527,0,1]},{"frame":75,"values":[-0.0001,-0.0376,-0.9988,0,-0.019,-0.9991,0.0376,0,-0.9998,0.019,-0.0006,0,-0.2386,0.1527,0,1]},{"frame":76,"values":[-0.0001,-0.0367,-0.9988,0,-0.019,-0.9991,0.0367,0,-0.9998,0.019,-0.0006,0,-0.2386,0.1527,0,1]},{"frame":77,"values":[-0.0001,-0.0358,-0.9988,0,-0.019,-0.9992,0.0358,0,-0.9998,0.019,-0.0006,0,-0.2386,0.1527,0,1]},{"frame":78,"values":[-0.0001,-0.0349,-0.9989,0,-0.019,-0.9992,0.0349,0,-0.9998,0.019,-0.0006,0,-0.2386,0.1527,0,1]},{"frame":79,"values":[-0.0001,-0.034,-0.9989,0,-0.019,-0.9992,0.034,0,-0.9998,0.019,-0.0006,0,-0.2386,0.1527,0,1]},{"frame":80,"values":[-0.0001,-0.0331,-0.9989,0,-0.019,-0.9993,0.0331,0,-0.9998,0.019,-0.0006,0,-0.2386,0.1527,0,1]},{"frame":81,"values":[-0.0001,-0.0322,-0.999,0,-0.019,-0.9993,0.0322,0,-0.9998,0.019,-0.0006,0,-0.2386,0.1527,0,1]},{"frame":82,"values":[-0.0001,-0.0313,-0.999,0,-0.019,-0.9993,0.0313,0,-0.9998,0.019,-0.0005,0,-0.2386,0.1527,0,1]},{"frame":83,"values":[-0.0001,-0.0304,-0.999,0,-0.019,-0.9994,0.0304,0,-0.9998,0.019,-0.0005,0,-0.2386,0.1527,0,1]},{"frame":84,"values":[-0.0001,-0.0295,-0.9991,0,-0.019,-0.9994,0.0295,0,-0.9998,0.019,-0.0005,0,-0.2386,0.1527,0,1]},{"frame":85,"values":[0,-0.0286,-0.9991,0,-0.019,-0.9994,0.0286,0,-0.9998,0.019,-0.0005,0,-0.2386,0.1527,0,1]},{"frame":86,"values":[0,-0.0277,-0.9991,0,-0.019,-0.9994,0.0277,0,-0.9998,0.019,-0.0005,0,-0.2386,0.1527,0,1]},{"frame":87,"values":[0,-0.0268,-0.9991,0,-0.019,-0.9995,0.0268,0,-0.9998,0.019,-0.0005,0,-0.2386,0.1527,0,1]},{"frame":88,"values":[0,-0.026,-0.9992,0,-0.019,-0.9995,0.026,0,-0.9998,0.019,-0.0005,0,-0.2386,0.1527,0,1]},{"frame":89,"values":[0,-0.0251,-0.9992,0,-0.019,-0.9995,0.0251,0,-0.9998,0.019,-0.0004,0,-0.2386,0.1527,0,1]},{"frame":90,"values":[0,-0.0242,-0.9992,0,-0.019,-0.9995,0.0242,0,-0.9998,0.019,-0.0004,0,-0.2386,0.1527,0,1]},{"frame":91,"values":[0,-0.0234,-0.9992,0,-0.019,-0.9995,0.0234,0,-0.9998,0.019,-0.0004,0,-0.2386,0.1527,0,1]},{"frame":92,"values":[0,-0.0225,-0.9992,0,-0.019,-0.9996,0.0225,0,-0.9998,0.019,-0.0004,0,-0.2386,0.1527,0,1]},{"frame":93,"values":[0,-0.0217,-0.9993,0,-0.019,-0.9996,0.0217,0,-0.9998,0.019,-0.0004,0,-0.2386,0.1527,0,1]},{"frame":94,"values":[0,-0.0209,-0.9993,0,-0.019,-0.9996,0.0209,0,-0.9998,0.019,-0.0004,0,-0.2386,0.1527,0,1]},{"frame":95,"values":[0,-0.02,-0.9993,0,-0.019,-0.9996,0.02,0,-0.9998,0.019,-0.0004,0,-0.2386,0.1527,0,1]},{"frame":96,"values":[0,-0.0192,-0.9993,0,-0.019,-0.9996,0.0192,0,-0.9998,0.019,-0.0003,0,-0.2386,0.1527,0,1]},{"frame":97,"values":[0,-0.0184,-0.9993,0,-0.019,-0.9996,0.0184,0,-0.9998,0.019,-0.0003,0,-0.2386,0.1527,0,1]},{"frame":98,"values":[0,-0.0176,-0.9993,0,-0.019,-0.9997,0.0176,0,-0.9998,0.019,-0.0003,0,-0.2386,0.1527,0,1]},{"frame":99,"values":[0,-0.0169,-0.9993,0,-0.019,-0.9997,0.0169,0,-0.9998,0.019,-0.0003,0,-0.2386,0.1527,0,1]},{"frame":100,"values":[0,-0.0161,-0.9994,0,-0.019,-0.9997,0.0161,0,-0.9998,0.019,-0.0003,0,-0.2386,0.1527,0,1]},{"frame":101,"values":[0,-0.0154,-0.9994,0,-0.019,-0.9997,0.0154,0,-0.9998,0.019,-0.0003,0,-0.2386,0.1527,0,1]},{"frame":102,"values":[0,-0.0147,-0.9994,0,-0.019,-0.9997,0.0147,0,-0.9998,0.019,-0.0003,0,-0.2386,0.1527,0,1]},{"frame":103,"values":[0,-0.014,-0.9994,0,-0.019,-0.9997,0.014,0,-0.9998,0.019,-0.0003,0,-0.2386,0.1527,0,1]},{"frame":104,"values":[0,-0.0133,-0.9994,0,-0.019,-0.9997,0.0133,0,-0.9998,0.019,-0.0002,0,-0.2386,0.1527,0,1]},{"frame":105,"values":[0,-0.0127,-0.9994,0,-0.019,-0.9997,0.0127,0,-0.9998,0.019,-0.0002,0,-0.2386,0.1527,0,1]},{"frame":106,"values":[0,-0.0121,-0.9994,0,-0.019,-0.9997,0.0121,0,-0.9998,0.019,-0.0002,0,-0.2386,0.1527,0,1]},{"frame":107,"values":[0,-0.0116,-0.9994,0,-0.019,-0.9998,0.0116,0,-0.9998,0.019,-0.0002,0,-0.2386,0.1527,0,1]},{"frame":108,"values":[0,-0.0111,-0.9994,0,-0.019,-0.9998,0.0111,0,-0.9998,0.019,-0.0002,0,-0.2386,0.1527,0,1]},{"frame":109,"values":[0,-0.0108,-0.9994,0,-0.019,-0.9998,0.0108,0,-0.9998,0.019,-0.0002,0,-0.2386,0.1527,0,1]},{"frame":110,"values":[0,-0.0106,-0.9994,0,-0.019,-0.9998,0.0106,0,-0.9998,0.019,-0.0002,0,-0.2386,0.1527,0,1]},{"frame":111,"values":[-0.0001,-0.0395,-0.9987,0,-0.019,-0.999,0.0395,0,-0.9998,0.019,-0.0007,0,-0.2386,0.1527,0,1]},{"frame":112,"values":[-0.0003,-0.1211,-0.9921,0,-0.0191,-0.9925,0.121,0,-0.9998,0.019,-0.002,0,-0.2386,0.1527,0,1]},{"frame":113,"values":[-0.0006,-0.2247,-0.9739,0,-0.0191,-0.9743,0.2245,0,-0.9998,0.0187,-0.0037,0,-0.2386,0.1527,0,1]},{"frame":114,"values":[-0.0008,-0.3035,-0.9523,0,-0.0191,-0.9526,0.3033,0,-0.9998,0.0184,-0.005,0,-0.2386,0.1527,0,1]},{"frame":115,"values":[-0.0009,-0.331,-0.9432,0,-0.0191,-0.9435,0.3308,0,-0.9998,0.0183,-0.0055,0,-0.2386,0.1527,0,1]},{"frame":116,"values":[-0.0008,-0.3035,-0.9523,0,-0.0191,-0.9526,0.3033,0,-0.9998,0.0184,-0.005,0,-0.2386,0.1527,0,1]},{"frame":117,"values":[-0.0006,-0.2247,-0.9739,0,-0.0191,-0.9743,0.2245,0,-0.9998,0.0187,-0.0037,0,-0.2386,0.1527,0,1]},{"frame":118,"values":[-0.0003,-0.1211,-0.9921,0,-0.0191,-0.9925,0.121,0,-0.9998,0.019,-0.002,0,-0.2386,0.1527,0,1]},{"frame":119,"values":[-0.0001,-0.0395,-0.9987,0,-0.019,-0.999,0.0395,0,-0.9998,0.019,-0.0007,0,-0.2386,0.1527,0,1]},{"frame":120,"values":[0,-0.0106,-0.9994,0,-0.019,-0.9998,0.0106,0,-0.9998,0.019,-0.0002,0,-0.2386,0.1527,0,1]}],"loopBehavior":1,"name":"anim","property":"_matrix"}},
{"name":"Bone.002","index":2,"matrix":[0,-0.019,-0.9998,0,0.0703,0.9973,-0.019,0,0.9975,-0.0703,0.0013,0,0,0.8558,0,1],"parentBoneIndex":1,"animation":{"dataType":3,"framePerSecond":24,"keys":[{"frame":1,"values":[0,-0.019,-0.9998,0,0.0703,0.9973,-0.019,0,0.9975,-0.0703,0.0013,0,0,0.8558,0,1]},{"frame":2,"values":[-0.0003,-0.0191,-0.9998,0,0.1737,0.9846,-0.0188,0,0.9848,-0.1737,0.003,0,0,0.8558,0,1]},{"frame":3,"values":[-0.0007,-0.0191,-0.9998,0,0.3039,0.9525,-0.0184,0,0.9527,-0.3039,0.0052,0,0,0.8558,0,1]},{"frame":4,"values":[-0.001,-0.0191,-0.9998,0,0.4014,0.9157,-0.0179,0,0.9159,-0.4013,0.0068,0,0,0.8558,0,1]},{"frame":5,"values":[-0.0011,-0.0191,-0.9998,0,0.4348,0.9003,-0.0176,0,0.9005,-0.4348,0.0073,0,0,0.8558,0,1]},{"frame":6,"values":[-0.0011,-0.0191,-0.9998,0,0.4348,0.9003,-0.0176,0,0.9005,-0.4348,0.0073,0,0,0.8558,0,1]},{"frame":7,"values":[-0.0011,-0.0191,-0.9998,0,0.4348,0.9003,-0.0176,0,0.9005,-0.4348,0.0073,0,0,0.8558,0,1]},{"frame":8,"values":[-0.0011,-0.0191,-0.9998,0,0.4348,0.9003,-0.0176,0,0.9005,-0.4348,0.0073,0,0,0.8558,0,1]},{"frame":9,"values":[-0.0011,-0.0191,-0.9998,0,0.4348,0.9003,-0.0176,0,0.9005,-0.4348,0.0073,0,0,0.8558,0,1]},{"frame":10,"values":[-0.0011,-0.0191,-0.9998,0,0.4348,0.9003,-0.0176,0,0.9005,-0.4348,0.0073,0,0,0.8558,0,1]},{"frame":11,"values":[-0.0011,-0.0191,-0.9998,0,0.4348,0.9003,-0.0176,0,0.9005,-0.4348,0.0073,0,0,0.8558,0,1]},{"frame":12,"values":[-0.0011,-0.0191,-0.9998,0,0.4348,0.9003,-0.0176,0,0.9005,-0.4348,0.0073,0,0,0.8558,0,1]},{"frame":13,"values":[-0.0011,-0.0191,-0.9998,0,0.4348,0.9003,-0.0176,0,0.9005,-0.4348,0.0073,0,0,0.8558,0,1]},{"frame":14,"values":[-0.0011,-0.0191,-0.9998,0,0.4301,0.9026,-0.0177,0,0.9028,-0.43,0.0072,0,0,0.8558,0,1]},{"frame":15,"values":[-0.001,-0.0191,-0.9998,0,0.4209,0.907,-0.0177,0,0.9071,-0.4208,0.0071,0,0,0.8558,0,1]},{"frame":16,"values":[-0.001,-0.0191,-0.9998,0,0.4097,0.9121,-0.0178,0,0.9122,-0.4096,0.0069,0,0,0.8558,0,1]},{"frame":17,"values":[-0.001,-0.0191,-0.9998,0,0.3972,0.9176,-0.0179,0,0.9177,-0.3971,0.0067,0,0,0.8558,0,1]},{"frame":18,"values":[-0.0009,-0.0191,-0.9998,0,0.3838,0.9232,-0.018,0,0.9234,-0.3838,0.0065,0,0,0.8558,0,1]},{"frame":19,"values":[-0.0009,-0.0191,-0.9998,0,0.3698,0.9289,-0.0181,0,0.9291,-0.3698,0.0062,0,0,0.8558,0,1]},{"frame":20,"values":[-0.0008,-0.0191,-0.9998,0,0.3552,0.9346,-0.0181,0,0.9348,-0.3552,0.006,0,0,0.8558,0,1]},{"frame":21,"values":[-0.0008,-0.0191,-0.9998,0,0.3402,0.9402,-0.0182,0,0.9404,-0.3401,0.0058,0,0,0.8558,0,1]},{"frame":22,"values":[-0.0007,-0.0191,-0.9998,0,0.3247,0.9456,-0.0183,0,0.9458,-0.3247,0.0055,0,0,0.8558,0,1]},{"frame":23,"values":[-0.0007,-0.0191,-0.9998,0,0.3089,0.9509,-0.0184,0,0.9511,-0.3089,0.0052,0,0,0.8558,0,1]},{"frame":24,"values":[-0.0006,-0.0191,-0.9998,0,0.2929,0.956,-0.0185,0,0.9562,-0.2928,0.005,0,0,0.8558,0,1]},{"frame":25,"values":[-0.0006,-0.0191,-0.9998,0,0.2765,0.9608,-0.0185,0,0.961,-0.2765,0.0047,0,0,0.8558,0,1]},{"frame":26,"values":[-0.0006,-0.0191,-0.9998,0,0.26,0.9654,-0.0186,0,0.9656,-0.2599,0.0044,0,0,0.8558,0,1]},{"frame":27,"values":[-0.0005,-0.0191,-0.9998,0,0.2433,0.9698,-0.0186,0,0.97,-0.2432,0.0042,0,0,0.8558,0,1]},{"frame":28,"values":[-0.0005,-0.0191,-0.9998,0,0.2264,0.9739,-0.0187,0,0.974,-0.2263,0.0039,0,0,0.8558,0,1]},{"frame":29,"values":[-0.0004,-0.0191,-0.9998,0,0.2093,0.9777,-0.0188,0,0.9778,-0.2093,0.0036,0,0,0.8558,0,1]},{"frame":30,"values":[-0.0004,-0.0191,-0.9998,0,0.1922,0.9812,-0.0188,0,0.9813,-0.1922,0.0033,0,0,0.8558,0,1]},{"frame":31,"values":[-0.0003,-0.0191,-0.9998,0,0.1751,0.9844,-0.0188,0,0.9846,-0.1751,0.003,0,0,0.8558,0,1]},{"frame":32,"values":[-0.0003,-0.0191,-0.9998,0,0.1579,0.9873,-0.0189,0,0.9875,-0.1579,0.0028,0,0,0.8558,0,1]},{"frame":33,"values":[-0.0002,-0.0191,-0.9998,0,0.1407,0.9899,-0.0189,0,0.99,-0.1407,0.0025,0,0,0.8558,0,1]},{"frame":34,"values":[-0.0002,-0.0191,-0.9998,0,0.1236,0.9921,-0.0189,0,0.9923,-0.1236,0.0022,0,0,0.8558,0,1]},{"frame":35,"values":[-0.0001,-0.0191,-0.9998,0,0.1067,0.9941,-0.019,0,0.9943,-0.1067,0.0019,0,0,0.8558,0,1]},{"frame":36,"values":[-0.0001,-0.019,-0.9998,0,0.0899,0.9958,-0.019,0,0.9959,-0.0899,0.0016,0,0,0.8558,0,1]},{"frame":37,"values":[0,-0.019,-0.9998,0,0.0736,0.9971,-0.019,0,0.9973,-0.0736,0.0014,0,0,0.8558,0,1]},{"frame":38,"values":[0,-0.019,-0.9998,0,0.0579,0.9981,-0.019,0,0.9983,-0.0579,0.0011,0,0,0.8558,0,1]},{"frame":39,"values":[0.0001,-0.019,-0.9998,0,0.0434,0.9989,-0.019,0,0.9991,-0.0434,0.0009,0,0,0.8558,0,1]},{"frame":40,"values":[0.0001,-0.019,-0.9998,0,0.0335,0.9993,-0.019,0,0.9994,-0.0335,0.0007,0,0,0.8558,0,1]},{"frame":41,"values":[0.0001,-0.019,-0.9998,0,0.0335,0.9993,-0.019,0,0.9994,-0.0335,0.0007,0,0,0.8558,0,1]},{"frame":42,"values":[-0.0005,-0.0191,-0.9998,0,0.248,0.9686,-0.0186,0,0.9688,-0.2479,0.0042,0,0,0.8558,0,1]},{"frame":43,"values":[-0.0011,-0.0191,-0.9998,0,0.4507,0.8925,-0.0175,0,0.8927,-0.4507,0.0076,0,0,0.8558,0,1]},{"frame":44,"values":[-0.0011,-0.0191,-0.9998,0,0.4477,0.894,-0.0175,0,0.8942,-0.4477,0.0075,0,0,0.8558,0,1]},{"frame":45,"values":[-0.0011,-0.0191,-0.9998,0,0.4429,0.8964,-0.0176,0,0.8966,-0.4429,0.0075,0,0,0.8558,0,1]},{"frame":46,"values":[-0.0011,-0.0191,-0.9998,0,0.4375,0.899,-0.0176,0,0.8992,-0.4375,0.0074,0,0,0.8558,0,1]},{"frame":47,"values":[-0.0011,-0.0191,-0.9998,0,0.4318,0.9018,-0.0177,0,0.902,-0.4318,0.0073,0,0,0.8558,0,1]},{"frame":48,"values":[-0.001,-0.0191,-0.9998,0,0.4259,0.9046,-0.0177,0,0.9048,-0.4258,0.0072,0,0,0.8558,0,1]},{"frame":49,"values":[-0.001,-0.0191,-0.9998,0,0.4198,0.9074,-0.0177,0,0.9076,-0.4197,0.0071,0,0,0.8558,0,1]},{"frame":50,"values":[-0.001,-0.0191,-0.9998,0,0.4136,0.9103,-0.0178,0,0.9105,-0.4135,0.007,0,0,0.8558,0,1]},{"frame":51,"values":[-0.001,-0.0191,-0.9998,0,0.4073,0.9131,-0.0178,0,0.9133,-0.4072,0.0069,0,0,0.8558,0,1]},{"frame":52,"values":[-0.001,-0.0191,-0.9998,0,0.4008,0.916,-0.0179,0,0.9161,-0.4008,0.0068,0,0,0.8558,0,1]},{"frame":53,"values":[-0.001,-0.0191,-0.9998,0,0.3944,0.9188,-0.0179,0,0.919,-0.3943,0.0067,0,0,0.8558,0,1]},{"frame":54,"values":[-0.0009,-0.0191,-0.9998,0,0.3878,0.9216,-0.018,0,0.9217,-0.3878,0.0065,0,0,0.8558,0,1]},{"frame":55,"values":[-0.0009,-0.0191,-0.9998,0,0.3812,0.9243,-0.018,0,0.9245,-0.3812,0.0064,0,0,0.8558,0,1]},{"frame":56,"values":[-0.0009,-0.0191,-0.9998,0,0.3746,0.927,-0.018,0,0.9272,-0.3745,0.0063,0,0,0.8558,0,1]},{"frame":57,"values":[-0.0009,-0.0191,-0.9998,0,0.3679,0.9297,-0.0181,0,0.9299,-0.3678,0.0062,0,0,0.8558,0,1]},{"frame":58,"values":[-0.0009,-0.0191,-0.9998,0,0.3611,0.9323,-0.0181,0,0.9325,-0.3611,0.0061,0,0,0.8558,0,1]},{"frame":59,"values":[-0.0008,-0.0191,-0.9998,0,0.3543,0.9349,-0.0181,0,0.9351,-0.3543,0.006,0,0,0.8558,0,1]},{"frame":60,"values":[-0.0008,-0.0191,-0.9998,0,0.3475,0.9375,-0.0182,0,0.9377,-0.3475,0.0059,0,0,0.8558,0,1]},{"frame":61,"values":[-0.0008,-0.0191,-0.9998,0,0.3407,0.94,-0.0182,0,0.9402,-0.3406,0.0058,0,0,0.8558,0,1]},{"frame":62,"values":[-0.0008,-0.0191,-0.9998,0,0.3338,0.9425,-0.0183,0,0.9426,-0.3338,0.0056,0,0,0.8558,0,1]},{"frame":63,"values":[-0.0007,-0.0191,-0.9998,0,0.3269,0.9449,-0.0183,0,0.9451,-0.3269,0.0055,0,0,0.8558,0,1]},{"frame":64,"values":[-0.0007,-0.0191,-0.9998,0,0.32,0.9472,-0.0183,0,0.9474,-0.3199,0.0054,0,0,0.8558,0,1]},{"frame":65,"values":[-0.0007,-0.0191,-0.9998,0,0.3131,0.9496,-0.0184,0,0.9497,-0.313,0.0053,0,0,0.8558,0,1]},{"frame":66,"values":[-0.0007,-0.0191,-0.9998,0,0.3061,0.9518,-0.0184,0,0.952,-0.3061,0.0052,0,0,0.8558,0,1]},{"frame":67,"values":[-0.0007,-0.0191,-0.9998,0,0.2991,0.954,-0.0184,0,0.9542,-0.2991,0.0051,0,0,0.8558,0,1]},{"frame":68,"values":[-0.0006,-0.0191,-0.9998,0,0.2921,0.9562,-0.0185,0,0.9564,-0.2921,0.005,0,0,0.8558,0,1]},{"frame":69,"values":[-0.0006,-0.0191,-0.9998,0,0.2852,0.9583,-0.0185,0,0.9585,-0.2851,0.0048,0,0,0.8558,0,1]},{"frame":70,"values":[-0.0006,-0.0191,-0.9998,0,0.2782,0.9604,-0.0185,0,0.9605,-0.2781,0.0047,0,0,0.8558,0,1]},{"frame":71,"values":[-0.0006,-0.0191,-0.9998,0,0.2711,0.9624,-0.0185,0,0.9625,-0.2711,0.0046,0,0,0.8558,0,1]},{"frame":72,"values":[-0.0006,-0.0191,-0.9998,0,0.2641,0.9643,-0.0186,0,0.9645,-0.2641,0.0045,0,0,0.8558,0,1]},{"frame":73,"values":[-0.0005,-0.0191,-0.9998,0,0.2571,0.9662,-0.0186,0,0.9664,-0.2571,0.0044,0,0,0.8558,0,1]},{"frame":74,"values":[-0.0005,-0.0191,-0.9998,0,0.2501,0.968,-0.0186,0,0.9682,-0.2501,0.0043,0,0,0.8558,0,1]},{"frame":75,"values":[-0.0005,-0.0191,-0.9998,0,0.2431,0.9698,-0.0186,0,0.97,-0.243,0.0042,0,0,0.8558,0,1]},{"frame":76,"values":[-0.0005,-0.0191,-0.9998,0,0.2361,0.9716,-0.0187,0,0.9717,-0.236,0.004,0,0,0.8558,0,1]},{"frame":77,"values":[-0.0005,-0.0191,-0.9998,0,0.2291,0.9732,-0.0187,0,0.9734,-0.229,0.0039,0,0,0.8558,0,1]},{"frame":78,"values":[-0.0004,-0.0191,-0.9998,0,0.2221,0.9749,-0.0187,0,0.975,-0.222,0.0038,0,0,0.8558,0,1]},{"frame":79,"values":[-0.0004,-0.0191,-0.9998,0,0.2151,0.9764,-0.0187,0,0.9766,-0.215,0.0037,0,0,0.8558,0,1]},{"frame":80,"values":[-0.0004,-0.0191,-0.9998,0,0.2081,0.9779,-0.0188,0,0.9781,-0.2081,0.0036,0,0,0.8558,0,1]},{"frame":81,"values":[-0.0004,-0.0191,-0.9998,0,0.2011,0.9794,-0.0188,0,0.9796,-0.2011,0.0035,0,0,0.8558,0,1]},{"frame":82,"values":[-0.0004,-0.0191,-0.9998,0,0.1942,0.9808,-0.0188,0,0.981,-0.1942,0.0033,0,0,0.8558,0,1]},{"frame":83,"values":[-0.0003,-0.0191,-0.9998,0,0.1873,0.9821,-0.0188,0,0.9823,-0.1872,0.0032,0,0,0.8558,0,1]},{"frame":84,"values":[-0.0003,-0.0191,-0.9998,0,0.1804,0.9834,-0.0188,0,0.9836,-0.1803,0.0031,0,0,0.8558,0,1]},{"frame":85,"values":[-0.0003,-0.0191,-0.9998,0,0.1735,0.9847,-0.0188,0,0.9848,-0.1735,0.003,0,0,0.8558,0,1]},{"frame":86,"values":[-0.0003,-0.0191,-0.9998,0,0.1667,0.9858,-0.0189,0,0.986,-0.1666,0.0029,0,0,0.8558,0,1]},{"frame":87,"values":[-0.0003,-0.0191,-0.9998,0,0.1598,0.987,-0.0189,0,0.9871,-0.1598,0.0028,0,0,0.8558,0,1]},{"frame":88,"values":[-0.0002,-0.0191,-0.9998,0,0.1531,0.988,-0.0189,0,0.9882,-0.153,0.0027,0,0,0.8558,0,1]},{"frame":89,"values":[-0.0002,-0.0191,-0.9998,0,0.1463,0.9891,-0.0189,0,0.9892,-0.1463,0.0026,0,0,0.8558,0,1]},{"frame":90,"values":[-0.0002,-0.0191,-0.9998,0,0.1396,0.99,-0.0189,0,0.9902,-0.1396,0.0025,0,0,0.8558,0,1]},{"frame":91,"values":[-0.0002,-0.0191,-0.9998,0,0.133,0.9909,-0.0189,0,0.9911,-0.133,0.0023,0,0,0.8558,0,1]},{"frame":92,"values":[-0.0002,-0.0191,-0.9998,0,0.1264,0.9918,-0.0189,0,0.992,-0.1264,0.0022,0,0,0.8558,0,1]},{"frame":93,"values":[-0.0002,-0.0191,-0.9998,0,0.1198,0.9926,-0.0189,0,0.9928,-0.1198,0.0021,0,0,0.8558,0,1]},{"frame":94,"values":[-0.0001,-0.0191,-0.9998,0,0.1134,0.9934,-0.019,0,0.9936,-0.1134,0.002,0,0,0.8558,0,1]},{"frame":95,"values":[-0.0001,-0.0191,-0.9998,0,0.107,0.9941,-0.019,0,0.9943,-0.107,0.0019,0,0,0.8558,0,1]},{"frame":96,"values":[-0.0001,-0.0191,-0.9998,0,0.1007,0.9947,-0.019,0,0.9949,-0.1006,0.0018,0,0,0.8558,0,1]},{"frame":97,"values":[-0.0001,-0.019,-0.9998,0,0.0944,0.9954,-0.019,0,0.9955,-0.0944,0.0017,0,0,0.8558,0,1]},{"frame":98,"values":[-0.0001,-0.019,-0.9998,0,0.0883,0.9959,-0.019,0,0.9961,-0.0883,0.0016,0,0,0.8558,0,1]},{"frame":99,"values":[-0.0001,-0.019,-0.9998,0,0.0823,0.9964,-0.019,0,0.9966,-0.0822,0.0015,0,0,0.8558,0,1]},{"frame":100,"values":[0,-0.019,-0.9998,0,0.0764,0.9969,-0.019,0,0.9971,-0.0763,0.0014,0,0,0.8558,0,1]},{"frame":101,"values":[0,-0.019,-0.9998,0,0.0706,0.9973,-0.019,0,0.9975,-0.0706,0.0013,0,0,0.8558,0,1]},{"frame":102,"values":[0,-0.019,-0.9998,0,0.065,0.9977,-0.019,0,0.9979,-0.065,0.0012,0,0,0.8558,0,1]},{"frame":103,"values":[0,-0.019,-0.9998,0,0.0596,0.998,-0.019,0,0.9982,-0.0596,0.0011,0,0,0.8558,0,1]},{"frame":104,"values":[0,-0.019,-0.9998,0,0.0544,0.9983,-0.019,0,0.9985,-0.0544,0.0011,0,0,0.8558,0,1]},{"frame":105,"values":[0,-0.019,-0.9998,0,0.0495,0.9986,-0.019,0,0.9988,-0.0495,0.001,0,0,0.8558,0,1]},{"frame":106,"values":[0,-0.019,-0.9998,0,0.045,0.9988,-0.019,0,0.999,-0.045,0.0009,0,0,0.8558,0,1]},{"frame":107,"values":[0.0001,-0.019,-0.9998,0,0.0409,0.999,-0.019,0,0.9992,-0.0409,0.0008,0,0,0.8558,0,1]},{"frame":108,"values":[0.0001,-0.019,-0.9998,0,0.0373,0.9991,-0.019,0,0.9993,-0.0373,0.0008,0,0,0.8558,0,1]},{"frame":109,"values":[0.0001,-0.019,-0.9998,0,0.0347,0.9992,-0.019,0,0.9994,-0.0347,0.0007,0,0,0.8558,0,1]},{"frame":110,"values":[0.0001,-0.019,-0.9998,0,0.0335,0.9993,-0.019,0,0.9994,-0.0335,0.0007,0,0,0.8558,0,1]},{"frame":111,"values":[0,-0.019,-0.9998,0,0.0784,0.9967,-0.019,0,0.9969,-0.0784,0.0014,0,0,0.8558,0,1]},{"frame":112,"values":[-0.0004,-0.0191,-0.9998,0,0.2045,0.9787,-0.0188,0,0.9789,-0.2044,0.0035,0,0,0.8558,0,1]},{"frame":113,"values":[-0.0009,-0.0191,-0.9998,0,0.362,0.932,-0.0181,0,0.9322,-0.362,0.0061,0,0,0.8558,0,1]},{"frame":114,"values":[-0.0012,-0.019,-0.9998,0,0.4776,0.8784,-0.0173,0,0.8786,-0.4775,0.008,0,0,0.8558,0,1]},{"frame":115,"values":[-0.0013,-0.019,-0.9998,0,0.5165,0.8561,-0.017,0,0.8563,-0.5165,0.0087,0,0,0.8558,0,1]},{"frame":116,"values":[-0.0012,-0.019,-0.9998,0,0.4776,0.8784,-0.0173,0,0.8786,-0.4775,0.008,0,0,0.8558,0,1]},{"frame":117,"values":[-0.0009,-0.0191,-0.9998,0,0.362,0.932,-0.0181,0,0.9322,-0.362,0.0061,0,0,0.8558,0,1]},{"frame":118,"values":[-0.0004,-0.0191,-0.9998,0,0.2045,0.9787,-0.0188,0,0.9789,-0.2044,0.0035,0,0,0.8558,0,1]},{"frame":119,"values":[0,-0.019,-0.9998,0,0.0784,0.9967,-0.019,0,0.9969,-0.0784,0.0014,0,0,0.8558,0,1]},{"frame":120,"values":[0.0001,-0.019,-0.9998,0,0.0335,0.9993,-0.019,0,0.9994,-0.0335,0.0007,0,0,0.8558,0,1]}],"loopBehavior":1,"name":"anim","property":"_matrix"}},
